===========================================================
V0 Bin center:
0.65, 0.75, 0.85, 0.95, 1.05, 1.15, 1.3, 1.5, 1.7, 1.9, 2.1, 2.3, 2.5, 2.7, 3., 3.45, 3.95, 4.6, 5.5, 7, 10, 13.5

rebin 1.1, 1.9, 2.5, 3.25, 4.35, 6.5, 10.

===========================================================
Kshort Incl Relative Uncertainty
0.0353705
0.0504962
0.0518866
0.0449991
0.0331417
0.0302761
0.033376
0.0466726
0.075496
0.0830872
0.0835255
0.0834864
0.0898446
0.0914938
0.0967832
0.105872
0.116107
0.124571
0.138388
0.149803
0.168055
0.220118

Kshort Incl absolute Uncertainty
0.00215801
0.00283583
0.00257115
0.00190866
0.00118267
0.000912876
0.000793955
0.000834067
0.00102605
0.000838609
0.000622269
0.000466686
0.000380972
0.000294501
0.000215417
0.000139341
8.92085e-05
5.21526e-05
2.6598e-05
1.03618e-05
2.50775e-06
9.19332e-07


Kshort Rebin Incl Relative Uncertainty
0.0406267
0.0807029
0.0882749
0.101833
0.121315
0.145998
0.168055

Kshort Rebin Incl absolute Uncertainty
0.000331951
0.000301067
0.000150962
7.17002e-05
2.74685e-05
6.37771e-06
8.83694e-07

===========================================================
Kshort Jet pT scale relative uncertainty 
0.0298595
0.036742
0.0266828
0.00149291
0.0239225
0.0599214
0.0316628
0.0558207
0.0587451
0.0276608
0.0552701
0.06575
0.0491587
0.0501418
0.0832247
0.0807817
0.0989303
0.116086
0.129393
0.156532
0.177748
0.197523

Kshort rebin Jet pT scale relative uncertainty 
0.0164825
0.0496193
0.057554
0.0802947
0.107751
0.140738
0.179153

Kshort rebin Jet pT scale absolute uncertainty 
0.000667774
0.00203447
0.00179105
0.00166838
0.00125503
0.000620991
0.000191241
===========================================================
Kshort JC absolute uncertainty
0.00074573
0.00205663
0.0017974
0.00166992
0.00125533
0.000621024
0.000191243
===========================================================
Kshort JE absolute uncertainty
0.027974
0.0246329
0.018597
0.0125446
0.00735288
0.0029652
0.000815588

