===========================================================
V0 Bin center:
0.65, 0.75, 0.85, 0.95, 1.05, 1.15, 1.3, 1.5, 1.7, 1.9, 2.1, 2.3, 2.5, 2.7, 3., 3.45, 3.95, 4.6, 5.5, 7, 10, 13.5

rebin 1.1, 1.9, 2.5, 3.25, 4.35, 6.5, 10.

===========================================================
Lambda Incl Relative Uncertainty
0.0612762
0.0594346
0.0629579
0.0626425
0.0637645
0.0626712
0.0635887
0.0569508
0.0602606
0.0631178
0.0631465
0.0605813
0.0636854
0.062822
0.0626693
0.0700576
0.0707922
0.0736086
0.0638414
0.0703319
0.111547
0.42802

Lambda Incl absolute Uncertainty
0.000661043
0.000676947
0.000738525
0.000728643
0.000712951
0.000663491
0.000600037
0.000445738
0.000375632
0.000307779
0.000236063
0.000173237
0.000137436
0.00010154
6.84464e-05
4.26409e-05
2.32434e-05
1.1521e-05
4.00481e-06
1.28421e-06
3.71487e-07
3.23979e-07

Lambda Rebin Incl Relative Uncertainty
0.0613826
0.062175
0.0623629
0.0667739
0.0725254
0.0681684
0.111547

Lambda Rebin Incl Absolute Uncertainty
0.000119865
9.36979e-05
4.88606e-05
2.02433e-05
5.75594e-06
7.0904e-07
8.47168e-08


===========================================================
Lambda Jet pT scale relative uncertainty
0.473789
0.173661
0.0850545
0.195208
0.0925688
0.0616029
0.0772976
0.0468942
0.0291021
0.0384103
0.0595583
0.0537983
0.0505879
0.0950722
0.0296139
0.0531775
0.0514163
0.067891
0.060961
0.139484
0.178126
0.264034

Lambda rebin Jet pT scale relative uncertainty
0.0397029
0.029328
0.045061
0.0435516
0.0637017
0.106108
0.192122

Lambda rebin Jet pT scale absolute uncertainty
0.00028217
0.000525827
0.000736102
0.000509072
0.000461064
0.000285424
0.000140176

===========================================================
Lambda JE absolute uncertainty
0.00370061
0.00357178
0.00387239
0.00311807
0.00207303
0.000843525
0.000212347
