===========================================================
V0 Bin center:
0.65, 0.75, 0.85, 0.95, 1.05, 1.15, 1.3, 1.5, 1.7, 1.9, 2.1, 2.3, 2.5, 2.7, 3., 3.45, 3.95, 4.6, 5.5, 7, 10, 13.5

rebin 1.1, 1.9, 2.5, 3.25, 4.35, 6.5, 10.
===========================================================
AntiLa Incl Relative Uncertainys
0.049635
0.0536278
0.0529448
0.0613919
0.0595981
0.0613117
0.059194
0.0577624
0.0597973
0.0586667
0.0610197
0.0604349
0.0602394
0.0578655
0.0629302
0.0683865
0.0737664
0.07055
0.0774378
0.0633918
0.10093
0.359877

AntiLa Incl absolute Uncertainys
0.000642213
0.000637933
0.000728402
0.00067838
0.000654752
0.000555031
0.00044937
0.000372059
0.000283684
0.000226256
0.000169205
0.00012902
9.39448e-05
6.73693e-05
4.07075e-05
2.38707e-05
1.09063e-05
4.57621e-06
1.12406e-06
3.33184e-07
2.23844e-07

AntiLa Rebin Incl Relative Uncertainys

0.0572422
0.0598279
0.0595133
0.0659615
0.0717871
0.0680738
0.10093

AntiLa Rebin Incl Absolute Uncertainys

0.000104903
8.63782e-05
4.49331e-05
1.92862e-05
5.52074e-06
6.75946e-07
7.61269e-08

===========================================================
AntiLa Jet pT scale relative uncertainty
0.13539
0.119717
0.195501
0.0384223
0.133246
0.154717
0.0227187
0.0157037
0.0193299
0.160074
0.0334826
0.0683148
0.0480939
0.0258916
0.0544322
0.0430201
0.0880937
0.110862
0.104698
0.129213
0.0651696
0.261564

AntiLa rebin Jet pT scale relative uncertainty
0.0470353
0.0516493
0.0526233
0.0579296
0.0980641
0.108319
0.0495305


AntiLa rebin Jet pT scale Absolute uncertainty
0.000359051
0.00079094
0.000721467
0.00065846
0.000733526
0.000322616
2.95452e-05
===========================================================
AntiLa JE absolute uncertainty
0.00366336
0.00307274
0.00337107
0.00306934
0.00210265
0.000851981
0.000171416
