LKRtio Kshort signal JE
0.00259721
0.00574804
0.00512194
0.0041591
0.00299053
0.00148862
0.000486998

LKRtio Lambda signal JE
0.000430621
0.0010614
0.000964744
0.000771347
0.000535262
0.000201136
8.23491e-05

LKRtio AntiLa signal JE
0.000436966
0.000916184
0.000815929
0.000749755
0.000536972
0.00020275
6.02054e-05

=======LKRtio Signal======
0.00668504
0.0208208
0.0247236
0.0314599
0.0396686
0.0446988
0.0425174

=======UE uncertainty======
0.0168531
0.0107233
0.00874394
0.00691026
0.00331024
0.00215613
0.00322602

========JetPtScale=========
0.00511195
0.00154417
0.000373724
0.00418007
0.00313947
0.00389342
0.00613228

