Kshort         
pT(GeV/c)      CompetMass     MLoverP        SigExtrac      Topological    TPCPID         TrackQuality   Material       Total          
0.65           0.160531       0.00909248     0.759823       0.234595       0.143219       1.54043        4              4.36482        
0.75           0.266408       0.105319       1.06361        0.715904       0.1495         1.49036        4              4.46871        
0.85           0.17084        0.0648357      0.934931       0.627787       0.0762839      1.28119        4              4.35303        
0.95           0.065106       0.0361524      0.684191       0.190867       0.0449716      1.20844        4              4.23939        
1.05           0.32315        0.108615       0.468997       0.380442       0.0536812      1.20067        4              4.23384        
1.15           0.640967       0.15192        0.25727        0.710728       0.0586921      1.14739        4              4.28079        
1.3            1.09861        0.176941       0.118528       1.07368        0.0434422      1.17839        4              4.44922        
1.5            1.13693        0.0379778      0.210825       0.812894       0.0851096      1.14992        4              4.39646        
1.7            0.561782       0.151058       1.19087        0.576113       0.0893235      1.21486        4              4.42407        
1.9            0.0492386      0.120907       1.47018        1.44967        0.109674       1.09828        4              4.63662        
2.1            0.198613       0.0509865      1.14454        1.41915        0.122134       1.23649        4              4.57273        
2.3            0.267961       0.0397321      0.869082       0.951474       0.132105       1.52724        4              4.48151        
2.5            0.160852       0.0373696      0.720791       0.602132       0.13873        1.65419        4              4.43452        
2.7            0.0921171      0.0345364      0.694603       0.253039       0.124597       1.55282        4              4.35694        
3              0.0676777      0.0154764      0.547082       0.104818       0.103          1.54524        4              4.32591        
3.45           0.137184       0.0160822      0.231027       0.0764682      0.097323       1.49893        4              4.28189        
3.95           0.037538       0.0124902      0.420982       0.186821       0.137463       1.29991        4              4.23348        
4.6            0.0854355      0              0.329151       0.155299       0.142987       1.67639        4              4.35551        
5.5            0.138123       0              0.477942       0.42106        0.12233        1.13497        4              4.21045        
7              0.0984456      0              0.252084       0              0.171839       1.14372        4              4.17263        
10             0.267559       0              1.11223        0              0.113951       0.350114       4              4.17663        

============================================
Lambda         
pT(GeV/c)      MLoverP        SigExtrac      Topological    TPCPID         TrackQuality   Material       Total          
0.65           2.13173        0.331021       3.93112        0.279629       0.637163       4              6.04911        
0.75           2.19186        0.197035       3.74586        0.192027       0.773189       4              5.95896        
0.85           2.31521        0.196791       3.82403        0.228623       0.826362       4              6.06277        
0.95           2.21691        0.313044       3.64627        0.424915       0.770348       4              5.923          
1.05           2.16814        0.324545       2.81475        0.305655       0.760826       4              5.4223         
1.15           2.23315        0.381531       2.39147        0.227277       0.774901       4              5.2444         
1.3            1.94456        0.535114       1.65291        0.0426807      0.717196       4              4.82866        
1.5            1.96225        0.527588       0.459648       0.123556       0.892443       4              4.5991         
1.7            1.57126        0.428587       0.366667       0.124805       0.885195       4              4.42562        
1.9            1.03181        0.534587       0.542427       0.140507       1.07905        4              4.33921        
2.1            0.375585       0.477291       0.79947        0.167741       1.36279        4              4.34665        
2.3            0.131325       0.402898       1.01432        0.180586       1.70886        4              4.49013        
2.5            0.0288972      0.558809       1.05264        0.158434       2.01138        4              4.63594        
2.7            0.0209218      0.59212        1.23293        0.146554       1.87534        4              4.62704        
3              0.0188223      0.783145       1.26549        0.152933       1.89063        4              4.67044        
3.45           0.0234641      1.00052        1.21621        0.190626       1.77752        4              4.65582        
3.95           0.0233674      1.135          1.0602         0.191139       1.80893        4              4.66064        
4.6            0.00904505     1.01141        0.802033       0.171496       1.67621        4              4.52829        
5.5            0.0231225      1.50236        0.756957       0.288246       1.82414        4              4.71605        
7              0              1.12965        0              0.56723        1.8305         4              4.57696        
10             0              1.69959        3.93484        1.12557        1.26458        4              6.10226        

============================================
AntiLa         
pT(GeV/c)      MLoverP        SigExtrac      Topological    TPCPID         TrackQuality   Material       Total          
0.65           1.7658         0.238993       3.45119        0.275968       0.452464       4              5.6006         
0.75           1.72494        0.146414       3.29615        0.191256       0.34096        4              5.47853        
0.85           1.68487        0.18484        3.38444        0.248276       0.275062       4              5.51948        
0.95           2.07351        0.274983       3.29353        0.458955       0.253743       4              5.61226        
1.05           1.91979        0.38978        3.1212         0.302654       0.301836       4              5.45547        
1.15           1.87788        0.373669       2.45948        0.218329       0.357275       4              5.08826        
1.3            1.76408        0.393574       1.32684        0.0274575      0.525557       4              4.61567        
1.5            1.71679        0.518866       0.660847       0.135892       0.650808       4              4.48278        
1.7            1.39092        0.478021       0.26854        0.116317       0.783109       4              4.34305        
1.9            0.877633       0.535877       0.540958       0.136975       1.00365        4              4.28674        
2.1            0.285154       0.352034       0.925582       0.151733       1.53663        4              4.40979        
2.3            0.0995976      0.481337       1.0222         0.147657       1.71463        4              4.4998         
2.5            0.0244327      0.479332       1.11991        0.151692       1.83978        4              4.57081        
2.7            0.0177391      0.580268       1.26599        0.128096       1.94619        4              4.66303        
3              0.0289817      0.882091       1.39516        0.250816       1.5936         4              4.61821        
3.45           0.0277687      0.928381       1.54603        0.137769       1.55579        4              4.6575         
3.95           0.0137051      1.06083        1.34975        0.177392       1.11678        4              4.49734        
4.6            0.0207841      1.16063        0.926127       0.254176       1.08845        4              4.41073        
5.5            0              1.26715        0              0.376642       1.36836        4              4.42944        
7              0              1.67833        0.791581       0.389123       0.606426       4              4.46795        
10             0              0.616369       4.1419         1.23899        1.14348        4              6.03141        

============================================
Xi             
pT(GeV/c)      SigExtrac      Topological    TPCPID         TrackQuality   Material       Total          
0.65           2.96052        0.618199       1.91519        2.82757        4              6.06713        
0.75           2.77063        2.01121        2.27396        1.12146        4              5.84379        
0.85           1.65784        0.695785       2.77926        0              4              5.192          
0.95           1.59799        0.396672       2.3019         0.298185       4              4.90903        
1.05           1.31436        0.351992       2.18235        0.314828       4              4.76584        
1.15           1.27203        0.281854       1.99516        0.187879       4              4.65977        
1.3            0.397762       1.34745        1.55885        0.457807       4              4.5402         
1.5            1.38689        1.6841         1.36281        0.100723       4              4.75679        
1.7            1.25407        1.35838        1.55903        0.154897       4              4.6768         
1.9            0.977868       0.885034       1.51513        0.0846575      4              4.47686        
2.1            0.979098       0.849108       1.69752        0.0790633      4              4.53513        
2.3            0.816141       0.790896       1.72907        0.058249       4              4.50385        
2.5            0.882112       0.669381       1.83481        0              4              4.53792        
2.7            0.770549       0.597303       1.86985        0.323815       4              4.5334         
3              0.388691       0.831913       1.79426        0.385781       4              4.4957         
3.45           0.159505       0.447053       1.7716         0.194096       4              4.40472        
3.95           0.61281        0.761513       1.65586        0              4              4.43816        
4.6            0.285622       0.895754       1.66218        0              4              4.43247        
5.5            0.785168       0.761714       1.84408        0.191566       4              4.54247        
7              0.495133       0.974248       2.38544        0              4              4.78379        

============================================
Omega          
pT(GeV/c)      SigExtrac      Topological    TPCPID         TrackQuality   Material       Total          
1.05           2.28319        2.82302        3.87377        0              4              6.64745        
1.4            2.48921        4.07927        6.4989         0.140163       4              9.00511        
1.8            3.77446        4.55368        6.01326        0.51382        4              9.34911        
2.1            4.5649         5.40693        8.70131        1.4912         4              12.0004        
2.3            5.29815        5.77586        9.52474        1.3688         4              13.0394        
2.5            4.61754        5.84375        8.2099         1.67048        4              11.9023        
2.7            4.68802        5.16109        7.16298        1.97975        4              10.9472        
3              4.93104        4.09489        6.73756        1.6082         4              10.2501        
3.45           5.19065        3.75096        4.65923        0.743908       4              8.90362        
3.95           4.48023        2.47193        5.11376        0.371197       4              8.27474        
4.6            3.078          2.4129         5.95149        0.237743       4              8.17147        
